111111111111111111111111111111111111111111111111111111111111111111111111111111
111111111111111111111111111111111111111111111111111111111111111111111111111111
1111                            Instructions                              1111
111111111111111111111111111111111111111111111111111111111111111111111111111111
1111                                                                      1111
111                                                                        111
11                                                                          11
1                                                                            1
1                                                                            1
1                                                                            1
1                                                                            1
1                                                                            1
1                                                                            1
1                                                                            1
1                                                                            1                                                                            1
1                                                                            1
1                                                                            1
1                                                                            1
1                                                                            1
1                                                                            1
11                                                                          11
111                                                                        111
11111                                                                     1111
111111111111111111111111111111111111111111111111111111111111111111111111111111
111111111111111111111111111111111111111111111111111111111111111111111111111111