111111111111111111111111111111111111111111111111111111111111111111111111111111
11                            Battle Screen                                 11
111111111111111111111111111111111111111111111111111111111111111111111111111111
11                                                                          11
11                                                                          11
11                                                                          11
11                                                                          11
11                                                                          11
11                                                                          11
11                              /\__/\  |D                                  11
11                             ( 0 _ 0) |                                   11
11                             (      )/|                                   11
11                              | |  |                                      11
11                              (__)__)                                     11
11                                                                          11
11                                                                          11
11W                                                                        W11
11WW                                                                      WW11
11WWW                                                                    WWW11
111111111111111111111111111111111111111111111111111111111111111111111111111111
